Akurasi: 0.9047661440192293
Presisi: 0.7568052159739201
Recall: 0.7733607240019987
F1-score: 0.7649934094903339
ROC Training: 0.947429970692519
ROC Testing: 0.9470153186090855